; Configuration File for stereo depth dual cam project

[OV sensor]
focal_length = 673.442
baseline = 2.84
xc = 443.437
yc = 264.682
a0 = 9.950326E-01
a1 = -2.310537E-03
a2 = -6.744696E-06
b0 = 1.104357E-02
b1 = 9.957780E-01
b2 = 4.103365E-06
c0 = 0.000000
c1 = -4.507776
d_offset = 13.207336
d_scale = 1.050763
x_off = 20

; for companion mode usage only
[Dataset path]
dataset_path = kneron/data_kneron/golden/